4,69 4,81 6,27 7,46 7,63 9,08
4,58 5,16 6,51 7,38 8,18 9,29
4,68 5,08 6,21 7,30 7,98 9,60
4,65 5,02 6,33 7,38 7,93 9,32

3,20 3,45 4,33 5,03 5,79 6,48
3,28 3,61 4,20 5,16 5,80 6,40
3,15 3,44 4,40 5,20 5,78 6,61
3,21 3,50 4,31 5,13 5,79 6,50

2,81 2,90 3,60 4,22 4,88 5,47
2,61 3,09 3,63 4,03 4,87 5,27
2,68 2,93 3,46 4,05 4,85 5,37
2,70 2,97 3,56 4,10 4,87 5,37

2,20 2,49 3,26 3,65 4,18 4,89
2,55 2,58 3,05 3,56 4,12 4,78
2,09 2,48 3,11 3,58 4,25 4,56
2,28 2,52 3,14 3,60 4,18 4,74
